
    Minimum: 8.1, 8.2, 8.6, 8.7, 8.10, 8.14a-b, 8.15a-b, 8.16a-b, 8.21, 9.1, 9.18, 9.22, 9.25, 9.26, 9.31, 9.33
    Deretter: 9.40, 9.44, 9.4

    Minimum: 10.31, 10.34, 10.36, 15.1, 15.2a-b, 15.8, 15.9, 15.13, 15.20
    Deretter: 15.24, 15.27, 15.28

    Minimum: 11.5, 11.6, 11.10, 11.11, 11.13, 11.15, 12.1, 12.3, 12.14, 12.17, 12.20,
    Deretter: 11.22, 12.37, 12.43

    Minimum: 13.1, 13.2, 13.4, 13.8, 13.13, 13.15, 13.16, 13.22, 13.23, 13.26
    Deretter: 13.30, 13.31, 13.35

    Minimum: 15.11, 15.12, 15.13, 15.17, 15.21, 15.22, 15.30, 15.33
    Deretter: 15.36, 15.37

    Minimum: 16.1, 16.2, 16.3, 16.5, 16.8, 16.11, 16.15, 16.16, 16.20, 16.25, 16.28
    Deretter: 16.17, 16.18, 16.27
